200000033 200000039 200000051 200000069 200000081 200000083 200000089 200000093 200000107 200000117 200000123 200000131 200000161 200000183 200000201 200000209 200000221 200000237 200000239 200000243 200000299 200000321 200000329 200000347 200000377 200000399 200000417 200000431 200000447 200000453 200000477 200000483 
200000033 200000039 200000051 200000069 200000081 200000083 200000089 200000093 200000107 200000117 200000123 200000131 200000161 200000183 200000201 200000209 200000221 200000237 200000239 200000243 200000299 200000321 200000329 200000347 200000377 200000399 200000417 200000431 200000447 200000453 200000477 200000483 
200000033 200000039 200000051 200000069 200000081 200000083 200000089 200000093 200000107 200000117 200000123 200000131 200000161 200000183 200000201 200000209 200000221 200000237 200000239 200000243 200000299 200000321 200000329 200000347 200000377 200000399 200000417 200000431 200000447 200000453 200000477 200000483 
200000033 200000039 200000051 200000069 200000081 200000083 200000089 200000093 200000107 200000117 200000123 200000131 200000161 200000183 200000201 200000209 200000221 200000237 200000239 200000243 200000299 200000321 200000329 200000347 200000377 200000399 200000417 200000431 200000447 200000453 200000477 200000483 
200000033 200000039 200000051 200000069 200000081 200000083 200000089 200000093 200000107 200000117 200000123 200000131 200000161 200000183 200000201 200000209 200000221 200000237 200000239 200000243 200000299 200000321 200000329 200000347 200000377 200000399 200000417 200000431 200000447 200000453 200000477 200000483 
200000033 200000039 200000051 200000069 200000081 200000083 200000089 200000093 200000107 200000117 200000123 200000131 200000161 200000183 200000201 200000209 200000221 200000237 200000239 200000243 200000299 200000321 200000329 200000347 200000377 200000399 200000417 200000431 200000447 200000453 200000477 200000483 
200000033 200000039 200000051 200000069 200000081 200000083 200000089 200000093 200000107 200000117 200000123 200000131 200000161 200000183 200000201 200000209 200000221 200000237 200000239 200000243 200000299 200000321 200000329 200000347 200000377 200000399 200000417 200000431 200000447 200000453 200000477 200000483 
200000033 200000039 200000051 200000069 200000081 200000083 200000089 200000093 200000107 200000117 200000123 200000131 200000161 200000183 200000201 200000209 200000221 200000237 200000239 200000243 200000299 200000321 200000329 200000347 200000377 200000399 200000417 200000431 200000447 200000453 200000477 200000483 
200000033 200000039 200000051 200000069 200000081 200000083 200000089 200000093 200000107 200000117 200000123 200000131 200000161 200000183 200000201 200000209 200000221 200000237 200000239 200000243 200000299 200000321 200000329 200000347 200000377 200000399 200000417 200000431 200000447 200000453 200000477 200000483 
200000033 200000039 200000051 200000069 200000081 200000083 200000089 200000093 200000107 200000117 200000123 200000131 200000161 200000183 200000201 200000209 200000221 200000237 200000239 200000243 200000299 200000321 200000329 200000347 200000377 200000399 200000417 200000431 200000447 200000453 200000477 200000483 
200000033 200000039 200000051 200000069 200000081 200000083 200000089 200000093 200000107 200000117 200000123 200000131 200000161 200000183 200000201 200000209 200000221 200000237 200000239 200000243 200000299 200000321 200000329 200000347 200000377 200000399 200000417 200000431 200000447 200000453 200000477 200000483 
200000033 200000039 200000051 200000069 200000081 200000083 200000089 200000093 200000107 200000117 200000123 200000131 200000161 200000183 200000201 200000209 200000221 200000237 200000239 200000243 200000299 200000321 200000329 200000347 200000377 200000399 200000417 200000431 200000447 200000453 200000477 200000483 
200000033 200000039 200000051 200000069 200000081 200000083 200000089 200000093 200000107 200000117 200000123 200000131 200000161 200000183 200000201 200000209 200000221 200000237 200000239 200000243 200000299 200000321 200000329 200000347 200000377 200000399 200000417 200000431 200000447 200000453 200000477 200000483 
200000033 200000039 200000051 200000069 200000081 200000083 200000089 200000093 200000107 200000117 200000123 200000131 200000161 200000183 200000201 200000209 200000221 200000237 200000239 200000243 200000299 200000321 200000329 200000347 200000377 200000399 200000417 200000431 200000447 200000453 200000477 200000483 
200000033 200000039 200000051 200000069 200000081 200000083 200000089 200000093 200000107 200000117 200000123 200000131 200000161 200000183 200000201 200000209 200000221 200000237 200000239 200000243 200000299 200000321 200000329 200000347 200000377 200000399 200000417 200000431 200000447 200000453 200000477 200000483 
200000033 200000039 200000051 200000069 200000081 200000083 200000089 200000093 200000107 200000117 200000123 200000131 200000161 200000183 200000201 200000209 200000221 200000237 200000239 200000243 200000299 200000321 200000329 200000347 200000377 200000399 200000417 200000431 200000447 200000453 200000477 200000483 
200000033 200000039 200000051 200000069 200000081 200000083 200000089 200000093 200000107 200000117 200000123 200000131 200000161 200000183 200000201 200000209 200000221 200000237 200000239 200000243 200000299 200000321 200000329 200000347 200000377 200000399 200000417 200000431 200000447 200000453 200000477 200000483 
200000033 200000039 200000051 200000069 200000081 200000083 200000089 200000093 200000107 200000117 200000123 200000131 200000161 200000183 200000201 200000209 200000221 200000237 200000239 200000243 200000299 200000321 200000329 200000347 200000377 200000399 200000417 200000431 200000447 200000453 200000477 200000483 
200000033 200000039 200000051 200000069 200000081 200000083 200000089 200000093 200000107 200000117 200000123 200000131 200000161 200000183 200000201 200000209 200000221 200000237 200000239 200000243 200000299 200000321 200000329 200000347 200000377 200000399 200000417 200000431 200000447 200000453 200000477 200000483 
200000033 200000039 200000051 200000069 200000081 200000083 200000089 200000093 200000107 200000117 200000123 200000131 200000161 200000183 200000201 200000209 200000221 200000237 200000239 200000243 200000299 200000321 200000329 200000347 200000377 200000399 200000417 200000431 200000447 200000453 200000477 200000483 
200000033 200000039 200000051 200000069 200000081 200000083 200000089 200000093 200000107 200000117 200000123 200000131 200000161 200000183 200000201 200000209 200000221 200000237 200000239 200000243 200000299 200000321 200000329 200000347 200000377 200000399 200000417 200000431 200000447 200000453 200000477 200000483 
200000033 200000039 200000051 200000069 200000081 200000083 200000089 200000093 200000107 200000117 200000123 200000131 200000161 200000183 200000201 200000209 200000221 200000237 200000239 200000243 200000299 200000321 200000329 200000347 200000377 200000399 200000417 200000431 200000447 200000453 200000477 200000483 
200000033 200000039 200000051 200000069 200000081 200000083 200000089 200000093 200000107 200000117 200000123 200000131 200000161 200000183 200000201 200000209 200000221 200000237 200000239 200000243 200000299 200000321 200000329 200000347 200000377 200000399 200000417 200000431 200000447 200000453 200000477 200000483 
200000033 200000039 200000051 200000069 200000081 200000083 200000089 200000093 200000107 200000117 200000123 200000131 200000161 200000183 200000201 200000209 200000221 200000237 200000239 200000243 200000299 200000321 200000329 200000347 200000377 200000399 200000417 200000431 200000447 200000453 200000477 200000483 
200000033 200000039 200000051 200000069 200000081 200000083 200000089 200000093 200000107 200000117 200000123 200000131 200000161 200000183 200000201 200000209 200000221 200000237 200000239 200000243 200000299 200000321 200000329 200000347 200000377 200000399 200000417 200000431 200000447 200000453 200000477 200000483 
200000033 200000039 200000051 200000069 200000081 200000083 200000089 200000093 200000107 200000117 200000123 200000131 200000161 200000183 200000201 200000209 200000221 200000237 200000239 200000243 200000299 200000321 200000329 200000347 200000377 200000399 200000417 200000431 200000447 200000453 200000477 200000483 
200000033 200000039 200000051 200000069 200000081 200000083 200000089 200000093 200000107 200000117 200000123 200000131 200000161 200000183 200000201 200000209 200000221 200000237 200000239 200000243 200000299 200000321 200000329 200000347 200000377 200000399 200000417 200000431 200000447 200000453 200000477 200000483 
200000033 200000039 200000051 200000069 200000081 200000083 200000089 200000093 200000107 200000117 200000123 200000131 200000161 200000183 200000201 200000209 200000221 200000237 200000239 200000243 200000299 200000321 200000329 200000347 200000377 200000399 200000417 200000431 200000447 200000453 200000477 200000483 
200000033 200000039 200000051 200000069 200000081 200000083 200000089 200000093 200000107 200000117 200000123 200000131 200000161 200000183 200000201 200000209 200000221 200000237 200000239 200000243 200000299 200000321 200000329 200000347 200000377 200000399 200000417 200000431 200000447 200000453 200000477 200000483 
200000033 200000039 200000051 200000069 200000081 200000083 200000089 200000093 200000107 200000117 200000123 200000131 200000161 200000183 200000201 200000209 200000221 200000237 200000239 200000243 200000299 200000321 200000329 200000347 200000377 200000399 200000417 200000431 200000447 200000453 200000477 200000483 
200000033 200000039 200000051 200000069 200000081 200000083 200000089 200000093 200000107 200000117 200000123 200000131 200000161 200000183 200000201 200000209 200000221 200000237 200000239 200000243 200000299 200000321 200000329 200000347 200000377 200000399 200000417 200000431 200000447 200000453 200000477 200000483 
200000033 200000039 200000051 200000069 200000081 200000083 200000089 200000093 200000107 200000117 200000123 200000131 200000161 200000183 200000201 200000209 200000221 200000237 200000239 200000243 200000299 200000321 200000329 200000347 200000377 200000399 200000417 200000431 200000447 200000453 200000477 200000483 