52
61 705
2640 2784 4649 7676 8358 8707 9926 10788 11723 12475 15129 17345 20499 21574 23515 23565 25701 28230 29341 29842 31690 32756 35947 38384 39112 40806 43613 44848 47549 48913 50923 51997 53410 56131 57585 60338 63590 63777 65707 65924 65962 66852 69588 69850 69952 70115 72141 74828 75436 77224 78082 79307 80700 83938 86653 86716 88763 90872 92247 94440 94859
844 819 290 745 935 345 545 96 632 244 574 802 462 820 796 846 879 967 650 639 14 605 329 560 701 688 230 598 845 525 394 417 153 428 60 261 52 398 594 285 412 702 710 607 839 472 552 991 432 443 830 388 219 528 278 988 42 411 317 626 831
61 67
2499 5553 7228 9312 10284 10582 11759 12670 15039 15164 18420 18900 21785 22330 24990 26487 28921 31738 33546 36052 37092 40245 43228 45341 48149 51038 51072 52118 52124 52719 55501 57119 59251 62254 63363 65115 67849 68417 68495 70978 73090 75652 77728 79208 81123 82833 85648 88567 90685 92176 95065 96422 98053 99976 101720 103416 106368 106875 110097 111500 112745
252 897 353 157 274 908 437 832 13 898 864 741 581 823 638 419 611 688 970 153 488 448 579 2 847 990 933 579 893 909 484 804 425 87 69 53 362 35 90 640 482 134 68 30 390 777 17 479 739 920 994 246 218 442 539 808 336 442 220 192 217
61 512
288 1610 2370 3607 4421 6965 7887 10669 13880 14996 16232 16542 17218 19609 20179 22031 24340 26813 28151 30275 32491 34755 35168 35607 36509 38249 38782 41364 43869 46975 49703 51272 52546 53179 53437 54971 56063 58820 59372 60076 62104 63385 63833 67090 68573 68798 71029 73626 73961 75699 78856 79290 81851 82861 86049 88603 90226 91887 95025 96563 99220
832 894 650 716 416 31 236 400 986 330 553 39 393 572 344 298 529 701 792 66 685 996 901 643 445 42 84 331 911 693 327 154 38 443 166 420 438 499 976 827 729 527 447 669 258 350 648 209 345 190 671 714 959 99 104 561 686 509 125 663 906
61 346
2625 4338 6394 7747 9932 11385 13238 16351 17784 17834 18056 20759 21819 23058 24708 26171 27808 27975 28164 29889 32233 34584 37015 39605 42531 42798 45863 47309 50236 52123 54188 54802 55663 56179 57635 59327 59959 61412 63357 66026 68899 70251 72487 73448 75731 78442 78923 79875 80801 83330 85828 88299 88624 88828 90191 91426 93997 97016 97609 97871 99416
337 679 128 702 159 823 703 506 726 487 972 459 331 813 524 727 715 367 117 548 627 796 906 459 996 421 460 269 336 453 5 398 501 314 463 356 439 632 522 333 404 289 7 981 301 494 817 309 471 702 496 232 245 717 741 778 751 880 573 778 304
61 885
2558 3781 6149 7229 7894 8339 9991 12803 14595 15952 16087 16808 19575 22710 24422 26823 27890 30285 31374 33857 35424 36222 36707 37650 37880 38327 39090 39462 41413 41777 42145 45206 45394 45413 46241 46340 48571 49637 51991 54303 54710 55516 58720 60691 63505 64035 64170 64493 66349 67369 68598 71598 74672 77675 80426 82116 83413 84598 85795 87708 89598
740 546 118 163 248 998 892 229 999 842 816 808 546 337 826 323 678 40 430 85 541 350 22 376 268 98 587 651 393 805 201 341 936 828 140 225 284 750 934 41 504 656 513 982 64 724 39 163 581 717 308 68 972 432 837 326 104 794 514 118 255
61 757
2166 2541 4505 4707 4881 5395 7721 10324 10750 12974 14609 17822 19597 20860 24101 25564 28819 29693 31162 33671 34013 36345 38304 39165 41251 44056 45807 48398 49298 51640 52770 53526 55444 56174 58088 59271 61509 63739 64634 65274 65596 68743 70814 71622 72204 72495 72553 73756 76419 76647 77148 79167 81015 81494 82673 84357 86723 88459 88967 89915 93143
596 712 709 539 763 522 436 894 137 754 791 921 112 716 208 635 203 431 407 424 142 397 923 353 575 49 765 696 520 214 523 705 881 736 862 749 553 742 529 745 700 226 587 343 824 764 200 278 42 15 481 295 37 577 995 790 496 74 738 648 66
61 628
188 2526 4290 5456 7968 8860 10340 10409 12756 14329 15000 16087 16846 17404 20589 22297 23618 25283 27137 29737 31310 32873 33916 34658 37375 37448 38257 41079 41768 42476 45256 45870 48370 49610 49720 50813 52675 52780 55478 57706 59995 62031 62338 64003 66863 67082 69466 70032 72556 72946 73710 75966 77158 78624 79344 81521 83634 86367 88062 91264 91643
707 379 336 965 308 280 697 367 645 486 474 183 324 226 599 141 810 684 849 53 291 643 3 570 700 200 544 40 263 214 86 731 35 208 917 870 35 765 891 647 342 561 791 173 820 399 473 860 371 484 495 33 706 56 363 325 978 700 348 854 567
61 651
1791 3383 4634 6679 8166 8764 11970 13301 14105 14340 17196 19343 20024 20708 21318 21607 21837 22012 23629 26854 28849 30405 33134 33938 35644 35883 37709 38666 39401 39535 41206 41533 44292 45909 45928 46518 47055 50251 52567 55778 55998 57488 58338 61135 61511 63217 65842 67561 70598 71121 71889 72184 73462 75765 76820 76902 79025 81808 83971 86123 87882
159 779 737 809 392 234 798 579 937 540 994 801 309 71 876 250 841 844 364 909 101 721 82 431 98 952 385 867 100 763 420 46 528 959 581 158 66 520 542 996 741 661 768 753 933 964 786 8 216 889 328 8 175 765 37 463 980 284 126 592 413
61 972
2663 3097 4722 5660 6128 7056 9926 11569 13282 15656 15807 16499 17365 17601 20091 20370 20855 23617 23878 25578 28594 28847 31966 34481 34897 35745 36791 38192 38526 40186 40530 41656 42044 42699 45917 48114 48715 48971 49763 50120 52824 55559 58639 59399 61633 64384 66049 68818 70328 72881 75228 77271 79063 82293 82600 84955 85132 87944 88838 91389 92743
912 745 52 825 970 407 654 216 870 258 686 20 897 134 665 519 348 384 173 149 732 698 730 162 596 647 263 946 797 581 23 395 50 731 338 710 833 865 754 549 734 844 200 302 314 283 439 173 815 495 855 684 833 65 58 155 17 169 955 920 393
61 837
894 1131 3546 6369 7218 8489 9461 12319 14272 15474 16466 17691 20078 20828 23002 25905 27695 28223 28706 30468 31302 31546 34031 34870 38032 41107 44346 46925 49068 51634 53444 54274 57129 57776 60014 61216 62248 64275 65105 65672 68653 69554 71661 74726 76672 78130 81009 83931 84236 85356 86606 87218 88923 91734 93628 94067 96500 98584 101382 104280 106376
648 587 774 208 453 643 107 535 867 74 739 120 502 716 716 531 951 875 349 876 917 913 490 209 851 913 652 190 534 91 848 633 925 649 690 131 311 240 8 74 803 449 253 810 603 903 407 952 912 270 609 578 565 391 662 478 588 161 877 480 630
61 491
419 1733 3789 5057 7080 8023 10948 12112 12634 14620 17752 17917 17973 19359 20394 23472 23745 26422 28722 30464 32593 34697 36251 36960 38000 39721 39813 41306 42297 44468 44678 47833 48079 50602 50866 50949 51510 53747 55031 58260 59861 62195 64936 66479 69681 72296 75396 75443 77179 77534 78838 79092 81778 82117 84467 86580 89519 90111 93339 93676 94955
693 605 918 710 761 494 54 741 633 240 46 675 530 466 55 381 373 838 229 869 577 369 213 341 521 985 396 712 529 315 259 814 992 958 21 267 41 6 839 606 268 527 208 41 326 120 413 340 75 821 258 231 423 462 534 5 840 192 197 675 279
61 314
139 150 2228 2548 3084 6270 8703 10938 11846 13557 14243 15097 16481 16957 17080 18130 19096 20997 21700 23154 23382 24970 26470 28285 31289 34411 37534 40145 42370 43117 43418 44592 46382 49049 51943 55099 55276 57543 59849 62496 65477 68238 68486 70238 72183 74420 77392 80181 82657 83482 86620 88257 88758 89323 91233 92670 93249 95135 97386 98262 100696
185 967 429 856 824 331 714 523 20 405 99 462 626 398 707 820 958 642 227 240 73 298 522 677 344 197 432 870 77 833 734 274 289 312 54 516 795 721 831 803 640 853 644 314 396 734 931 854 117 599 876 135 86 884 495 74 534 416 148 520 835
61 585
2889 3632 6572 8227 11166 13561 15091 15316 16462 19401 22577 25004 27983 30677 33045 34663 37679 38641 41294 44166 44564 46708 48423 48572 48925 49410 52170 54057 55806 56383 58735 60344 61990 63318 66247 67057 68375 71432 73881 74694 75175 78087 78357 80967 82914 83788 84408 86172 87419 88651 91581 93286 94312 94577 96979 99907 101267 101560 103469 105867 107021
856 237 833 500 608 690 187 703 569 323 936 967 193 669 373 175 722 387 13 259 879 483 264 233 867 638 24 722 856 699 521 714 471 175 800 561 928 883 642 3 777 694 862 242 1 48 738 324 299 756 455 844 819 98 909 499 453 370 668 595 303
61 687
476 2507 4227 6050 9312 12369 13315 14396 16692 18884 20876 22524 25593 28745 30810 32712 32860 34583 37617 40354 43585 45118 45334 45471 48381 50157 53194 55220 56681 57968 60502 61504 62412 64788 67063 67959 70334 73485 75826 76402 77830 80087 81884 84681 86323 88875 91809 94699 95285 95326 97855 98723 99956 102809 103979 105136 105482 106705 106798 108320 108930
578 315 83 649 559 851 878 545 11 532 680 833 215 928 487 918 511 820 820 719 586 592 127 960 148 816 494 562 958 896 5 931 596 678 929 311 42 540 286 321 574 103 358 225 51 678 274 638 310 562 686 253 469 87 546 320 608 414 347 119 159
61 547
937 2811 5277 7745 10687 11621 11781 14106 16409 18677 20959 22558 25545 26461 27216 29687 32359 34618 37506 39702 41937 44033 46419 49357 50632 51660 51803 51974 53803 54394 55142 57545 60365 63061 63402 65058 67213 70112 73247 75383 76241 76946 79716 82285 83935 84920 87639 90896 93371 95249 98449 100698 102537 102723 104318 105421 106641 109275 111126 112627 112867
821 33 78 639 220 446 839 95 75 729 952 8 706 257 358 937 920 620 888 858 613 762 980 758 489 400 27 780 775 433 548 595 498 827 328 607 649 27 309 9 470 628 592 996 548 851 687 685 661 225 645 962 888 969 590 895 658 422 887 874 510
61 43
1971 3674 3868 3920 5822 8066 11100 12629 14361 15419 17233 19373 22075 23227 25237 25639 28525 28985 29225 32063 32606 32848 33750 34082 35060 37909 40775 43827 44398 45798 49001 49489 52233 52990 54042 55773 55885 57318 60580 63470 65711 66345 68548 71586 74289 76214 77011 80188 82002 85017 88190 90395 92431 93233 93386 95277 97295 99509 101412 103258 105672
463 801 26 402 373 892 80 716 718 483 985 585 98 637 191 666 168 169 287 439 293 731 693 971 969 114 434 819 784 626 272 82 890 866 741 978 276 393 984 993 553 218 742 909 680 177 239 878 992 486 473 99 555 120 646 979 202 566 598 988 521
61 621
2047 2444 5118 6047 6435 7960 9642 10059 10482 12812 15713 16506 16641 16778 19695 20940 23790 25326 25502 25956 28506 30642 30741 31498 33514 35065 35771 36238 36766 39129 41767 42063 43887 46451 47217 47246 50187 50331 51307 51349 52192 54363 55994 57236 60483 62012 62163 64246 66890 67222 69379 71374 72817 73630 76332 78064 79219 81232 83063 83751 86995
769 138 85 247 749 607 133 636 948 684 931 208 834 205 763 949 126 973 400 937 302 455 640 348 328 571 734 842 825 488 554 364 612 644 819 132 470 447 600 880 35 906 844 888 666 246 193 582 818 111 663 808 36 885 835 380 136 708 555 205 279
61 441
1237 3637 4257 4432 5890 8866 10129 11552 12348 15460 16666 19192 21012 23011 23528 24497 25903 29038 30538 32905 33816 36820 38967 39737 41925 44182 45020 45550 48432 49217 50856 52111 52775 55790 58026 61277 62213 62896 63031 65191 67066 70252 71725 72741 75428 77499 78804 81489 83530 85826 87919 89049 90886 91713 93641 95427 98564 99433 101033 102495 102728
184 188 167 982 518 231 865 215 444 723 909 504 393 45 896 824 798 166 714 293 525 745 290 171 855 888 882 802 808 670 331 638 324 667 97 593 16 836 706 307 138 15 796 9 472 856 110 961 996 722 972 476 492 840 135 549 917 504 89 232 63
61 145
2593 2778 3947 4856 7227 7293 8850 10265 12834 15425 15978 16661 18722 20840 21610 24030 26926 29856 31812 34840 38102 38521 40138 42223 42351 44179 46193 47798 50184 52160 54526 57283 60300 60389 61032 62822 64868 66591 67665 69136 71321 71967 74285 75794 75871 76607 77165 79810 82926 85216 85890 86734 89234 90597 92792 94165 95827 96247 96469 98955 100098
366 29 82 542 452 366 195 630 85 213 63 759 433 909 993 592 933 277 893 537 781 887 731 284 835 263 985 431 210 908 473 936 942 745 591 186 373 190 882 501 950 774 41 742 815 851 630 975 420 793 545 17 152 32 811 798 166 43 345 228 804
61 793
1536 4408 6245 6722 6977 9722 11189 13959 16798 18474 19038 19425 19776 22862 23662 26884 28213 30131 30810 32151 34428 35995 37965 40360 43473 44545 47156 48875 49655 50210 52021 54937 55122 57542 57554 60023 60318 61870 65134 66252 68490 70184 70723 73049 73716 74261 76183 78570 79092 80406 82367 84506 86570 89616 91307 91849 94810 95519 96440 98894 99784
15 230 242 547 445 528 588 801 311 681 298 871 604 273 411 243 470 665 979 125 627 140 375 632 450 535 919 716 156 838 923 894 924 536 390 567 31 258 692 801 754 867 579 719 764 847 790 316 322 815 302 992 89 844 124 171 788 490 561 467 630
61 571
2533 3999 4165 5683 7965 10485 12200 12331 13565 15972 18267 21510 21847 24729 26969 27436 29728 30825 33290 36546 37971 39090 40532 40923 43731 45212 46094 49144 51312 53776 54639 57708 59860 61297 61332 62999 65043 65347 67473 68300 71199 72759 73352 74314 76344 78757 79110 80853 83828 85008 87014 90205 93013 93655 96631 98891 100184 100617 103246 105271 107364
561 467 176 241 911 332 35 457 436 394 956 409 705 383 516 945 924 695 348 319 348 461 382 232 810 728 799 569 108 553 909 887 138 52 598 764 709 637 765 829 241 431 806 449 613 760 162 685 552 260 867 983 954 234 712 477 926 558 169 687 777
61 451
826 1247 3189 4231 5198 5404 7610 8426 8442 9162 11227 12688 13590 15584 17097 20262 22906 25289 26527 29787 32586 35569 35632 36235 39204 40838 42010 43720 43772 45716 46186 49073 49307 49498 52380 55175 55975 59104 59878 61873 64048 65160 66945 67310 70167 70392 72329 72419 74783 77046 79814 80648 80772 81330 83251 83723 84482 87186 87848 90937 92024
137 553 910 593 856 716 23 818 56 851 807 122 484 584 631 29 527 940 661 719 817 661 871 863 978 247 88 50 45 400 970 902 647 331 118 56 864 803 694 5 692 375 683 204 613 830 558 492 533 211 443 496 530 484 596 242 167 545 78 507 877
61 737
885 1140 3627 4097 4155 4530 7125 8682 8774 10799 11401 12047 13340 14380 17447 19697 21349 24323 24660 25365 25901 28341 30292 31764 34730 36170 37684 40690 41983 43239 45734 48203 50740 51755 54438 56774 59501 59726 59854 60470 63348 65492 65752 66440 66632 68910 71764 74693 75008 76985 77258 78869 78900 79047 80116 82542 82571 83752 86588 87279 90465
917 185 127 981 707 138 912 618 64 267 42 815 892 706 877 989 551 715 607 295 946 374 990 438 923 982 636 689 102 231 843 972 313 571 420 199 984 685 307 262 80 31 732 841 562 193 570 687 869 311 101 563 902 634 682 802 242 387 635 370 785
61 876
2719 3005 5461 7302 8934 11378 12069 12935 13160 13802 15251 15291 16587 16788 19189 20733 22309 25471 27989 29575 29728 30719 33045 33901 35069 38311 39970 40837 43272 44544 45100 47575 47733 49520 50408 51159 52049 53991 55976 56943 57843 58805 59311 61128 63027 64066 66006 66078 67590 70837 73361 73667 76223 78596 81649 81654 82302 85491 88490 91641 93560
568 223 352 918 605 924 954 658 263 768 112 93 386 367 604 881 949 213 895 208 331 201 97 965 332 823 126 679 332 453 900 310 267 250 790 414 731 512 590 642 654 819 979 328 98 250 612 541 953 828 812 480 318 527 157 346 935 923 403 24 605
61 439
970 2974 4757 7851 9133 11914 14697 17347 18676 20030 21759 23889 24290 24899 25314 26575 26749 29094 30777 33939 35294 35630 36375 36479 37578 38573 38773 40697 43675 44852 45839 47079 48389 50310 51500 52090 52113 54682 54978 56701 58708 60977 62753 65455 67744 70680 71228 71990 72441 75322 77704 80498 81171 83901 85032 85639 88818 90614 91325 94564 96651
550 622 671 192 892 446 693 606 359 749 57 10 420 858 704 59 590 810 521 310 562 190 74 920 22 326 933 9 361 734 335 604 696 140 799 97 79 63 709 868 719 362 219 675 144 954 997 240 270 333 864 208 145 110 855 384 609 68 941 619 19
61 255
2029 4562 6898 8295 10522 13486 15835 17214 19786 20372 21903 23753 26373 27853 30988 33018 34394 35642 38232 38296 38641 40082 43317 46218 48423 49420 51376 52586 54502 56537 56565 59354 60286 60315 62235 62745 64316 66565 69703 72448 73895 76499 76732 76993 79085 81863 83616 84933 86819 88371 89012 90788 92774 93776 94801 97242 97440 99774 101488 103054 105342
620 512 766 71 224 317 110 124 717 899 273 631 472 239 301 200 3 480 996 98 551 776 876 692 191 374 200 335 414 108 972 745 323 771 114 244 45 920 363 711 869 766 821 513 376 888 97 940 159 185 264 773 519 207 965 370 77 569 665 975 977
61 753
3072 5294 6505 7449 9328 12544 15065 17824 19939 20303 21659 22437 23493 23782 25988 29046 32013 32069 34949 37957 40065 41773 42633 45111 47404 48097 49634 52426 53324 54099 56784 57798 59700 61911 62426 65407 68163 69990 70828 72319 74589 74919 77505 77536 79238 80908 82829 85698 87375 88256 89445 90810 92265 93480 93589 94075 94365 97129 99236 100115 101673
742 228 989 566 809 76 628 539 767 841 416 639 105 954 697 318 561 123 704 598 571 747 360 570 31 768 605 941 822 784 884 287 258 341 273 276 668 629 508 715 725 768 602 178 481 408 51 903 904 111 852 966 612 15 271 359 46 571 405 88 890
61 589
2944 4243 7009 8954 11843 13001 14780 15161 16252 18012 18884 19029 20641 23676 26587 27341 30226 33387 34933 36751 38843 40884 41097 42567 43903 44478 46106 47352 48179 50580 52795 56028 56300 59544 59565 61900 63670 66232 68065 71160 74280 75920 78061 79701 81145 81249 81484 82314 82468 84590 85462 86463 89643 92576 95633 95807 97065 97514 99326 102124 102483
475 971 536 932 531 682 470 512 5 242 493 987 509 236 994 272 14 860 736 182 448 159 433 96 705 571 282 721 515 216 890 463 912 379 518 468 179 623 646 828 30 689 60 458 694 226 333 62 831 662 99 489 984 778 695 15 679 430 843 508 912
61 702
2659 5097 7462 9251 10248 10313 10661 11745 14537 15335 15505 18140 18867 21585 23108 25255 28501 30825 31346 32872 34514 36471 38878 41011 43984 44581 45453 48697 51532 54178 57412 57996 61237 61482 63083 63850 64816 67738 69217 70169 70730 72446 75559 76880 77324 78355 79138 81188 81412 84068 85275 85848 88198 89000 91246 93473 94315 96907 100069 100671 103007
164 804 166 410 412 167 491 445 458 628 271 425 868 354 635 726 684 719 696 610 664 156 388 29 276 534 454 625 516 250 639 446 275 250 175 534 23 566 896 247 147 386 648 273 813 187 729 955 421 414 828 396 586 271 359 400 18 867 736 454 866
61 123
91 3004 4207 4915 7153 7790 9750 11475 11613 12485 12674 15037 16245 19227 21507 23350 25594 27396 28035 29766 30189 31692 32320 35556 37676 37819 39450 41804 42395 45024 45207 48174 51321 54423 54671 55648 58641 60935 62206 65225 68305 70571 70899 72449 72509 73986 74125 74775 76039 76083 78244 80960 81558 82622 85012 85397 85668 87634 90156 90492 91132
305 522 951 422 631 477 821 896 780 934 515 979 269 761 431 394 462 652 422 202 804 806 191 422 194 144 430 655 641 859 16 270 495 136 161 810 401 517 181 886 833 258 495 742 611 323 945 419 354 733 68 946 845 198 881 527 640 230 952 229 519
61 735
2124 3667 4869 5972 6344 7166 8584 11455 14110 16436 17592 18594 21730 23465 26270 28139 29525 30723 31199 32953 34633 37851 39932 42458 45460 47112 49260 52455 54525 55331 55772 58589 59770 61831 62566 64873 65505 68637 69492 71658 73576 73824 76081 78285 78656 80140 82762 82899 85706 88739 91788 92205 94339 97605 99933 102831 104802 108063 109398 112298 114605
407 817 787 984 969 103 289 470 727 838 855 968 692 279 204 909 222 624 932 350 377 974 522 23 327 497 442 783 351 879 27 775 338 904 302 872 912 552 914 900 93 293 542 507 964 558 324 285 381 971 100 205 576 998 246 347 390 870 797 857 200
61 986
857 1911 4954 5395 6136 6358 8436 10801 13173 15675 16865 18713 18845 19757 22821 26021 26186 28001 29367 30993 32993 34871 35540 35622 36771 37700 38047 38900 39383 39459 41684 44265 46246 48935 50722 51505 52902 55466 57798 59806 61647 64816 65697 66048 69104 70826 72372 73212 76345 77833 79020 81862 82010 84264 84298 86038 86208 86800 87182 89500 90393
336 745 333 393 616 290 967 777 796 47 869 188 127 192 157 160 471 18 32 58 965 536 449 572 224 854 412 996 349 303 534 978 270 206 483 492 547 708 869 506 649 995 916 980 89 368 327 214 167 311 354 305 813 123 809 136 574 979 146 251 202
61 971
1922 2856 3064 4535 6447 8702 10068 13206 14905 15376 15670 16015 16057 16865 20097 20441 21311 22908 23726 26453 29301 32196 34251 37154 39329 40964 42540 43974 44376 45671 47190 49066 51245 52410 54988 57446 60069 61153 62590 65377 66131 66269 68225 70563 70764 73361 74113 74292 76802 77378 80128 83099 84661 87124 87579 87928 90273 90366 91613 92085 95314
729 829 730 270 322 326 100 864 892 608 841 912 177 583 391 101 890 808 157 858 426 782 286 792 148 595 200 907 203 314 254 328 925 65 990 684 251 35 508 161 914 784 911 280 615 194 374 686 206 806 782 810 345 226 683 723 98 215 452 793 370
61 744
1059 1368 3827 6169 6302 8263 9945 10823 11178 11901 12655 12673 15552 15856 16193 16936 17341 17488 19008 21032 22933 23392 24507 27525 27854 28598 31664 31812 34529 37414 39390 40370 43532 45036 46367 47250 48186 48602 49412 51259 51897 53065 55272 55605 58533 58782 60575 62544 63063 64708 65585 68766 69459 69814 72118 74009 76359 76638 79284 80633 81094
679 159 163 373 570 679 526 140 722 303 166 286 446 942 422 95 402 999 312 807 125 464 612 953 462 913 87 896 473 282 910 21 98 238 784 625 590 106 690 970 898 255 712 455 574 461 662 348 382 533 435 661 235 221 596 673 377 891 232 905 979
61 574
1781 3891 6482 7187 10024 12830 13746 15548 17026 18991 21470 22319 23131 25757 27202 29434 31077 32263 35008 36645 39681 40172 42906 46072 46583 48326 48515 48884 51965 53093 53124 54661 56603 59586 61668 64904 65721 67055 70263 72834 74096 76119 79233 80944 83169 86088 86916 87235 89793 92254 93007 93884 94915 95507 98699 99593 102188 102770 103400 106476 107488
858 895 471 119 15 696 42 825 381 550 885 469 242 571 708 238 830 87 880 938 536 112 11 730 152 172 596 3 41 109 546 688 1 407 357 700 168 80 902 544 726 782 589 109 21 63 991 670 872 557 9 438 960 50 995 121 46 840 54 345 282
61 253
598 2063 2315 4129 4766 6553 8487 11695 12700 15840 16236 17218 18817 21287 23498 26182 26612 29703 30471 31628 33274 34494 36498 38217 39104 41959 44799 47740 47802 47823 49250 51023 53975 56515 59723 62104 62899 65780 68524 71085 71233 72359 73248 74623 77365 78910 79754 81572 81886 81927 83469 85780 86496 86594 88889 92146 95141 98076 99576 99652 101285
197 798 834 175 830 571 137 230 160 8 725 861 167 466 68 528 510 496 872 919 978 756 419 555 48 820 846 354 149 728 806 866 69 456 369 575 133 88 551 922 217 747 75 700 739 544 849 757 447 79 127 622 420 38 438 141 574 751 485 57 192
61 394
3141 6208 6265 6293 9481 12153 14821 16254 16279 19266 20910 22361 22923 25226 26160 27955 28592 28630 30897 31987 32658 34625 34689 37358 40443 42430 44099 44697 45201 46713 49251 49294 50844 53516 54972 57618 60236 60280 62171 64604 66103 67685 67711 69738 72184 73277 73655 75434 78214 78367 78662 80841 83696 85431 87304 87774 88968 91820 93749 94443 96056
419 755 412 856 740 781 372 181 384 851 75 264 914 474 124 980 603 387 472 267 951 709 917 81 952 629 707 154 540 919 402 840 222 290 738 287 233 536 24 347 31 401 633 315 479 349 468 637 114 961 148 709 791 432 969 716 299 236 714 12 583
61 185
1936 4431 7384 10332 11669 12663 15253 18194 19485 20473 20567 23718 25985 26458 28797 31105 34266 36680 39656 41649 43055 46184 48192 49039 52305 55481 58487 58823 61029 62118 62696 65934 66253 66411 69637 70612 71852 74869 75737 78673 79724 81306 82156 85146 87545 87820 89291 91863 91955 93596 95874 98381 101181 101570 104272 107222 109654 111806 112760 113607 114824
805 958 205 865 12 755 480 245 576 25 931 276 360 863 953 245 253 796 916 299 446 151 197 618 831 451 654 780 231 163 784 645 566 252 252 618 461 231 758 667 630 701 258 644 551 286 993 832 800 810 280 304 975 755 742 95 444 335 628 721 348
61 614
766 1903 4695 7940 8793 10323 10614 10743 10851 12118 14559 17757 18529 19874 22932 23048 25340 26663 27347 30514 33453 35001 37273 37729 39693 41503 41716 43753 45778 47682 49597 50067 51874 55001 57181 58085 60377 60622 61200 63392 64589 65270 65987 66687 69715 72749 75767 77703 80253 82982 84971 85866 88958 90546 93098 96365 98335 99904 101952 105088 105173
938 912 655 681 797 217 888 937 859 232 592 572 163 290 731 385 760 435 106 212 660 915 826 825 796 93 327 249 575 178 764 689 927 221 899 402 854 124 950 396 7 288 836 385 267 709 279 330 674 570 475 169 897 857 338 408 501 275 625 737 616
61 597
198 2164 4202 6800 9592 11562 13293 16548 19324 21350 23274 25445 27368 27471 28693 31115 31935 34746 37039 37954 38492 41449 41704 43627 45585 47685 50601 52318 52328 55200 57996 60810 63522 64285 66819 68235 69606 69854 71917 74391 75230 75790 78180 79685 79987 82853 84735 86466 88728 89533 90527 91980 94378 96630 97093 99207 101037 103329 105863 106218 107291
228 45 308 574 831 963 764 994 222 290 573 151 668 329 560 156 934 147 375 929 564 940 151 920 256 810 245 780 917 274 838 313 218 205 865 612 219 731 961 913 594 86 521 526 357 721 880 827 677 289 166 595 819 214 847 720 786 852 772 195 329
61 307
3083 3329 5358 7961 8181 9977 12408 13859 14722 16116 17898 20943 21131 22924 24271 26350 29183 31552 32793 33158 34155 35891 38018 40227 41945 42358 44514 46289 48689 51757 52308 52388 55598 57518 58954 60567 60797 63754 64349 65382 65856 68373 69745 70310 72579 73085 74759 76767 78409 81565 82149 85193 86261 87219 89906 91183 93321 95434 97374 97533 100645
377 798 632 198 1 623 475 795 358 23 447 265 924 132 862 244 408 53 552 67 987 362 646 760 434 278 531 323 998 51 515 265 575 743 814 626 285 296 951 823 114 663 444 620 188 993 208 880 120 612 930 882 471 901 142 605 319 799 258 707 147
61 607
620 2695 4745 7501 7706 10467 11727 14872 17462 18340 19511 21583 24133 25969 27958 28477 28640 31891 32046 32877 36019 36654 39697 40256 42120 45152 47055 49392 50794 52818 55187 57031 58816 59017 60314 62610 63496 65860 68986 70460 73330 74169 76062 76317 77593 79690 80024 80093 80910 84136 85792 88900 89500 90465 92679 95376 97897 100718 101039 101762 103314
849 702 716 875 463 97 325 976 707 183 165 940 935 626 800 935 140 61 589 274 483 806 510 491 373 250 234 251 335 206 523 120 967 2 469 265 209 594 636 676 792 811 231 554 83 71 913 980 373 374 661 929 637 92 522 637 932 709 915 779 672
61 290
3190 3229 4145 6174 6621 9533 10829 13583 14526 14899 17756 18934 22001 24459 25798 25999 26385 29638 31374 32813 35935 38103 38506 39414 40071 41550 43898 45239 47104 47627 47858 48605 49634 50242 53325 53444 53613 55077 55429 56942 58926 62097 62953 64190 64797 66802 68007 68689 71203 72733 75351 77182 79929 82899 83241 85889 88316 88388 88832 90528 90690
79 201 505 307 429 816 904 363 486 556 625 15 730 532 9 954 4 12 398 695 572 443 875 64 630 348 631 879 175 591 938 477 313 828 207 960 810 234 433 997 118 998 935 433 310 892 24 469 738 896 434 604 756 96 924 500 516 46 276 241 14
61 327
1096 3452 5295 6946 8304 11055 11092 14118 14222 16738 17562 18677 20407 22813 24659 27540 29956 30235 30955 32091 34718 37173 39804 40818 44084 46206 48246 50894 52361 53985 55973 56589 59030 62053 62370 65456 65530 66788 68798 72062 72625 73656 76342 79292 80484 81795 82213 84071 84827 85183 86895 88357 89493 90800 92748 94954 95113 98269 100113 101122 104339
350 489 983 804 482 366 66 841 585 556 862 386 965 24 502 249 31 535 537 217 703 551 910 459 346 650 514 999 40 347 256 445 711 786 941 177 310 981 1 192 76 61 859 744 964 809 310 453 250 351 965 365 790 538 452 557 468 675 491 3 429
61 353
2867 4226 5426 7841 10927 12562 13974 15363 16497 17291 19314 19695 20512 21559 23258 24590 27163 29975 31895 34521 37517 39279 40542 43065 45913 46031 48804 50313 50781 51500 53908 55782 56828 57575 60149 61865 63801 66270 66297 67252 68160 68754 70818 71436 74569 75703 77812 78902 82084 84606 85526 87794 88785 89950 92628 93432 96037 97171 99823 101004 102885
518 30 137 630 467 215 318 649 9 759 279 575 624 142 624 424 925 162 141 19 523 247 684 459 33 84 649 347 49 225 388 473 913 90 579 509 642 486 338 76 452 90 780 328 550 684 212 13 473 533 261 678 571 677 664 93 901 533 196 61 293
61 423
2828 3041 3985 5725 7630 9217 10994 13724 16119 16725 17439 19735 21122 22506 23341 26180 28043 29763 33017 33487 34344 34490 37036 37859 39425 40326 41764 43013 44012 44375 47628 48727 51121 52758 55945 57122 57410 58825 61935 64898 66381 67897 70599 71049 74201 74695 76690 78813 81117 83335 85781 86319 86920 87293 87327 87433 88085 90519 91655 93765 96480
939 319 272 20 944 489 613 707 89 939 358 715 634 695 330 905 743 618 584 936 457 480 945 700 233 140 755 755 831 498 913 826 993 249 341 234 187 472 727 589 988 364 542 967 607 895 511 467 258 534 95 835 30 642 589 229 214 249 651 1 240
61 239
399 2268 2451 3080 3274 4219 7356 8626 10439 13433 14740 17523 18115 18744 21599 23397 24410 25667 27511 28551 31664 32990 35432 38036 39599 40142 40409 41307 44372 44679 45310 47187 47401 47441 47605 50626 51345 53408 56622 57046 57460 58402 59220 62165 62277 64801 67565 68955 69093 70931 72725 75295 76139 77095 78601 78675 80155 82004 83276 84313 85512
613 525 921 517 880 954 343 207 735 529 132 475 820 906 181 54 415 288 398 443 424 274 702 343 891 104 523 666 705 474 936 706 662 136 439 862 879 283 279 566 550 218 296 609 788 47 458 317 633 382 778 251 968 325 560 875 18 890 575 183 269
61 847
2168 4247 5361 7890 9897 10224 12370 13868 14227 15547 17294 18047 19180 20485 22085 22352 22943 23740 24646 26455 28969 30226 30634 31035 31731 33090 35532 36047 37429 38350 40946 43203 46357 46608 48641 49212 51360 51535 52171 53172 55359 55636 55880 56976 58507 60390 61728 64984 67244 67885 68810 71159 74357 75130 78044 80519 82656 84330 86828 88530 91753
230 778 993 168 522 738 681 656 653 482 546 459 507 463 901 174 979 791 508 252 449 414 79 327 345 222 887 489 677 507 129 674 486 447 376 681 264 787 736 372 90 646 124 123 842 135 442 411 616 246 393 646 654 647 921 292 929 681 294 618 713
61 998
1413 4050 4379 5059 5925 9129 11415 11809 14784 16254 18293 20999 23865 24950 26308 26821 28784 29339 32224 32995 34851 36119 39016 40332 42966 43030 43746 45698 46179 47194 50337 51385 51486 52139 54487 57186 58350 60324 62611 64566 66855 67814 69100 69755 70869 73667 73882 76669 79299 80869 83386 86248 87493 90453 91053 92293 93911 96021 96319 97739 99291
673 581 458 82 887 132 676 560 8 370 578 106 757 83 513 924 62 90 263 160 301 48 508 183 235 139 134 706 137 843 40 610 574 128 591 960 609 85 894 443 253 868 495 886 700 344 426 470 706 334 989 26 278 876 893 103 799 489 863 629 36
61 437
2169 4957 6468 6965 7341 8269 9555 11187 13414 14750 15309 17574 20262 20568 20753 22314 23825 26149 27260 29453 32690 35693 38265 40078 41547 42016 43066 45543 47253 49065 51589 54146 55206 57829 59874 62826 63202 63673 64762 67007 67091 67307 67657 70486 72393 72907 76010 77913 80362 83579 85535 86992 89284 89611 91297 92330 94749 95258 98396 100437 100576
710 621 226 853 884 558 10 147 987 567 271 54 347 145 863 755 81 802 116 725 85 932 384 387 440 469 866 900 548 635 326 725 503 93 252 869 942 441 323 161 326 510 234 307 123 296 862 122 601 767 427 570 9 416 409 777 377 119 45 675 834
61 866
3265 5838 5873 8238 10625 12989 14232 15005 15431 16022 18435 18549 20059 20101 20883 20965 23838 26434 27453 30570 33217 34795 36918 37557 40316 42858 43443 45987 47256 48718 48911 50363 51394 53059 53918 54290 54346 55638 57658 59317 60594 63229 65488 66989 69817 70193 72403 75607 76264 77330 78029 78132 79320 80842 83217 84156 84733 85511 86901 89638 92417
347 879 809 194 183 100 312 881 98 772 953 352 452 252 58 98 682 459 481 428 869 337 64 504 592 418 522 687 795 76 268 638 43 944 323 177 868 429 390 556 371 320 981 905 185 229 411 157 749 15 398 436 968 681 866 155 792 13 339 706 865
61 286
2267 5008 7207 8274 10574 11118 12955 15307 15493 17263 19585 21223 22594 22697 22876 25412 27053 29042 29361 30872 33181 35626 37637 37843 39207 39805 41332 42758 44157 46086 48885 50277 52073 54006 56974 60101 61054 62598 64073 65387 68073 68525 70865 73667 76883 78681 81088 82940 84988 87410 87633 88116 88519 91493 94705 95750 97677 99333 99976 101378 103447
509 503 238 838 837 754 987 562 885 870 286 911 296 290 943 623 622 417 631 936 104 601 290 429 543 941 63 680 728 988 106 637 659 432 491 681 95 315 388 850 41 877 554 756 565 437 82 434 568 883 771 467 561 557 510 29 189 174 535 19 424
