40
1 134
72770
153
1 410
144704
604
1 815
14053
36
1 394
154415
728
1 454
111671
164
1 649
81477
936
1 546
66732
133
1 253
37427
500
1 296
106414
784
1 623
120099
621
1 418
27136
631
1 36
153433
627
1 786
43367
577
1 683
4889
234
1 452
80052
722
1 470
149786
474
1 983
139171
203
1 597
26700
819
1 952
104871
44
1 389
166367
857
1 21
5461
28
1 281
46406
981
1 24
121605
122
1 255
137969
214
1 789
97463
674
1 252
55311
322
1 131
81839
60
1 170
102264
952
1 404
92115
476
1 937
163538
597
1 526
163444
508
1 412
77418
804
1 640
41112
529
1 311
74091
163
1 897
56033
52
1 568
545
413
1 7
102857
207
1 877
35619
143
1 519
102952
987
1 42
33350
680
